Tmax=[20 20 21 21 21 21 21 21 21 19 18 18 17 17 16];
Tmin=[11 11 14 11 12 11 11 12 11 11 11 11 11 10 10];
