%I=[-1,6,13,16,17,25,28,29,33,36,39,43,44];
%V=[0,1,1.3,1.6,1.9,2.3,2.6,2.9,3.2,3.5,3.9,4.2,4.5]/4.5*7;
I=[-1,7,14,18,19,28,30,31,36,38,40,45,46];
V=[0,1,1.3,1.6,2,2.2,2.5,2.7,3.1,3.4,3.8,4.1,4.5]/4.5*7;